<polyline id='linie1' points='97,171 99,172 104,175 112,178 120,182 128,186 136,189 143,193 150,196 156,200 163,203 169,206 175,208 182,210 187,213 193,215 199,216 205,217 210,219 215,220 220,221 224,221 229,222 234,223 238,223 241,224 246,224 250,225 255,226 259,228 263,229 268,231 272,232 276,234 281,235 286,237 291,238 295,239 299,239 301,239 302,239 302,239 302,239 303,239 305,237 308,236 312,234 317,231 320,230 322,230 323,230 323,230 324,230 324,230 ' style='fill:none;stroke:#0000ff;stroke-width:3'></polyline>
<polyline id='linie2' points='414,354 408,352 403,349 396,345 388,341 381,335 372,330 364,324 357,318 351,312 346,306 342,300 338,294 334,288 331,281 327,274 323,266 319,257 317,249 314,242 314,234 314,227 314,218 314,209 315,201 323,192 334,183 345,175 361,167 381,158 405,150 428,144 450,140 471,138 489,138 509,138 529,138 547,138 564,139 581,142 596,145 609,148 621,152 631,157 641,161 651,167 661,173 670,181 678,188 685,197 692,205 697,212 702,220 706,229 710,237 713,246 715,256 717,265 719,276 720,289 720,301 720,310 720,317 720,323 720,329 720,334 720,340 720,347 716,354 709,360 702,366 692,372 684,377 675,382 667,385 659,388 653,390 646,392 638,394 629,394 620,397 610,399 600,400 590,402 580,403 570,404 560,404 549,405 537,405 526,405 515,405 505,405 497,404 490,403 483,402 475,400 469,399 463,397 458,394 454,391 450,389 446,386 442,383 438,381 434,379 430,377 427,375 424,374 422,372 419,370 417,366 414,364 413,363 413,362 413,362 413,362 413,361 413,361 413,361 ' style='fill:none;stroke:#0000ff;stroke-width:3'></polyline>
<polyline id='linie3' points='429,240 427,237 426,233 425,231 424,229 424,228 424,228 424,228 424,227 424,227 424,226 424,224 426,222 429,220 431,219 433,218 434,217 435,217 438,216 442,214 446,213 450,211 453,211 455,211 456,211 457,211 458,211 460,211 462,212 464,214 466,215 467,217 468,218 468,219 469,220 469,220 469,222 469,224 470,225 470,227 470,229 470,232 470,237 470,243 470,246 469,248 468,248 467,249 466,249 464,249 461,250 459,250 456,250 454,250 452,250 450,250 448,250 447,250 446,250 445,249 445,248 444,248 444,247 ' style='fill:none;stroke:#0000ff;stroke-width:3'></polyline>
<polyline id='linie4' points='581,246 580,244 578,242 576,240 575,239 575,238 575,237 575,237 575,237 575,236 575,236 577,233 583,230 591,225 598,222 606,219 612,218 616,217 617,217 618,217 619,217 621,217 623,217 625,217 627,217 629,217 630,217 632,217 634,218 636,219 638,220 640,222 641,223 642,225 642,226 642,227 642,229 642,230 642,231 642,232 642,233 642,234 642,234 641,235 638,236 634,238 629,239 626,240 624,241 623,241 622,241 622,241 621,241 620,241 617,241 615,241 612,242 608,242 605,243 601,244 597,245 593,245 591,245 588,245 587,245 587,245 ' style='fill:none;stroke:#0000ff;stroke-width:3'></polyline>
<polyline id='linie5' points='444,288 447,288 451,288 456,288 460,289 466,290 470,291 476,293 481,294 487,296 492,297 498,298 504,299 508,300 512,301 516,302 520,302 523,303 528,303 533,303 539,303 544,303 551,303 557,303 563,303 569,303 574,303 579,303 585,303 590,301 596,300 603,298 608,297 612,296 616,296 617,296 618,295 619,295 620,295 622,294 624,294 625,294 626,294 626,294 626,293 626,293 ' style='fill:none;stroke:#0000ff;stroke-width:3'></polyline>
<polyline id='linie6' points='442,289 440,289 437,289 435,290 432,291 430,291 428,292 427,292 427,293 426,294 425,296 424,298 423,299 423,301 423,304 423,310 423,314 423,316 423,322 423,326 423,328 423,330 423,331 424,332 426,333 428,334 430,335 432,336 435,337 438,337 441,338 444,339 448,339 452,339 455,340 459,340 463,340 467,340 471,340 476,340 481,340 486,340 491,340 496,339 502,338 506,338 511,337 516,336 520,335 526,334 531,333 536,332 540,332 545,331 550,330 554,329 559,327 563,326 568,324 573,324 578,323 583,323 587,323 591,323 595,323 600,323 605,323 609,323 613,323 617,323 622,323 625,323 628,323 631,324 634,325 637,325 640,326 643,326 646,326 648,326 650,326 651,326 651,326 651,326 652,323 654,319 656,316 656,314 656,312 656,311 656,310 656,309 656,308 656,307 656,306 656,306 656,305 656,304 655,304 654,303 653,302 653,302 652,301 652,301 651,301 650,301 649,301 648,301 647,301 645,301 644,301 643,300 641,300 640,300 639,300 638,300 637,300 637,300 637,300 635,300 633,300 631,300 630,300 630,300 629,300 629,300 628,299 628,299 628,299 628,299 627,298 627,298 627,297 627,297 627,297 626,296 626,296 626,295 626,295 625,294 625,294 625,293 625,293 624,293 624,293 624,293 624,293 ' style='fill:none;stroke:#0000ff;stroke-width:3'></polyline>
<polyline id='linie7' points='434,324 439,323 447,323 457,322 467,321 477,319 486,319 493,318 500,318 505,317 511,317 516,317 521,316 526,315 530,315 534,315 538,314 542,314 546,313 549,313 552,312 555,312 557,312 560,312 563,312 566,311 570,311 572,311 574,311 577,311 580,311 583,311 585,311 588,311 591,311 592,311 594,311 596,311 597,311 599,311 600,311 602,311 603,311 605,311 606,311 608,311 609,311 611,311 612,311 614,311 617,311 619,311 620,311 620,311 621,311 621,311 621,311 624,311 626,311 627,311 627,311 627,311 628,311 628,311 ' style='fill:none;stroke:#0000ff;stroke-width:3'></polyline>
<polyline id='linie8' points='444,297 444,298 444,299 444,300 444,302 445,303 446,304 447,306 448,306 449,307 449,308 451,309 451,310 452,310 453,311 453,311 453,311 454,311 454,312 455,312 455,312 455,312 ' style='fill:none;stroke:#0000ff;stroke-width:3'></polyline>
<polyline id='linie9' points='481,299 482,300 483,302 483,303 484,304 485,304 485,305 486,306 486,306 486,307 487,307 487,307 487,308 488,308 488,308 488,309 488,310 488,310 489,310 489,310 ' style='fill:none;stroke:#0000ff;stroke-width:3'></polyline>
<polyline id='linie10' points='529,302 529,303 530,303 530,304 530,304 530,305 530,306 531,306 531,307 531,307 531,308 531,308 531,308 531,308 531,309 531,310 531,310 531,310 531,311 531,311 531,311 531,312 531,312 531,313 ' style='fill:none;stroke:#0000ff;stroke-width:3'></polyline>
<polyline id='linie11' points='565,304 565,305 565,306 565,307 565,307 565,308 565,308 565,309 565,310 565,311 565,311 565,312 565,312 565,312 565,313 565,313 565,313 565,314 565,314 565,314 566,314 ' style='fill:none;stroke:#0000ff;stroke-width:3'></polyline>
<polyline id='linie12' points='626,299 627,302 628,305 628,307 628,308 628,308 628,309 628,310 628,311 628,311 628,312 628,312 628,313 628,313 628,313 628,314 628,314 628,314 628,315 628,315 628,315 628,315 ' style='fill:none;stroke:#0000ff;stroke-width:3'></polyline>
<polyline id='linie13' points='480,324 482,325 485,326 489,329 493,332 496,334 498,335 499,336 500,336 501,337 501,337 501,338 502,338 502,338 502,338 ' style='fill:none;stroke:#0000ff;stroke-width:3'></polyline>
<polyline id='linie14' points='524,318 524,320 524,321 524,322 524,323 525,325 526,326 527,327 528,328 529,329 529,329 530,330 530,330 530,330 ' style='fill:none;stroke:#0000ff;stroke-width:3'></polyline>
<polyline id='linie15' points='116,152 111,152 102,150 98,147 95,146 79,145 75,145 71,145 69,145 68,145 68,144 67,144 66,144 65,144 64,146 64,148 61,156 61,161 61,166 60,169 60,172 60,177 60,179 60,183 59,195 59,196 60,197 61,198 62,199 65,201 69,203 76,205 80,205 81,206 82,206 86,207 91,210 96,212 98,213 99,213 100,214 101,214 104,215 106,216 108,218 114,222 114,223 115,223 116,223 115,223 ' style='fill:none;stroke:#000000;stroke-width:3'></polyline>
<polyline id='linie16' points='188,148 193,151 206,165 211,173 211,174 213,174 214,176 217,180 217,182 218,182 ' style='fill:none;stroke:#000000;stroke-width:3'></polyline>
<polyline id='linie17' points='222,150 214,158 206,166 202,170 196,176 191,181 190,182 185,188 181,191 180,192 179,192 ' style='fill:none;stroke:#000000;stroke-width:3'></polyline>
<polyline id='linie18' points='302,62 306,65 309,68 357,80 379,79 394,78 ' style='fill:none;stroke:#000000;stroke-width:3'></polyline>
<polyline id='linie19' points='324,69 324,65 324,60 327,55 328,53 332,47 334,44 335,43 339,38 341,37 342,37 343,38 345,40 357,49 359,50 367,52 370,53 371,53 372,53 373,54 373,55 370,60 367,67 365,71 365,72 364,73 363,75 361,77 361,78 360,79 360,80 359,83 359,84 359,83 ' style='fill:none;stroke:#000000;stroke-width:3'></polyline>
